zip,district
89010,08
89019,08
89060,08
89061,08
89439,01
90001,40
90001,43
90001,44
90002,43
90002,44
90003,37
90003,40
90003,43
90004,28
90004,33
90004,34
90005,33
90005,34
90005,37
90006,34
90007,34
90007,37
90007,40
90008,37
90010,33
90010,34
90010,37
90011,37
90011,40
90012,34
90013,34
90014,34
90015,34
90015,37
90015,40
90016,37
90017,34
90018,34
90018,37
90019,34
90019,37
90020,33
90020,34
90021,34
90021,40
90022,27
90022,34
90022,38
90022,40
90023,34
90023,40
90024,33
90024,37
90025,33
90025,37
90026,28
90026,34
90027,28
90028,28
90029,28
90031,28
90031,34
90032,34
90033,34
90034,37
90035,33
90035,37
90036,28
90036,33
90036,37
90037,37
90037,40
90038,28
90038,34
90039,28
90040,40
90041,34
90042,27
90042,28
90042,34
90043,37
90044,37
90044,43
90044,44
90045,37
90045,43
90046,28
90046,30
90046,33
90047,37
90047,43
90048,28
90048,33
90048,37
90049,30
90049,33
90056,37
90057,34
90058,34
90058,40
90059,43
90059,44
90061,43
90061,44
90062,37
90063,34
90063,40
90064,33
90064,37
90065,28
90065,34
90066,33
90066,37
90066,43
90067,37
90068,28
90068,30
90069,28
90071,34
90073,33
90077,30
90077,33
90079,34
90089,34
90089,37
90090,34
90094,43
90095,33
90201,40
90210,28
90210,30
90210,33
90211,33
90212,33
90212,37
90220,44
90221,40
90221,44
90222,44
90230,37
90230,43
90232,37
90240,40
90241,38
90241,40
90242,40
90245,33
90247,43
90248,43
90248,44
90249,43
90250,43
90254,33
90255,40
90255,44
90260,43
90262,40
90262,44
90263,33
90265,26
90265,33
90266,33
90270,40
90272,33
90274,33
90275,33
90277,33
90278,33
90280,44
90290,33
90291,33
90291,37
90292,33
90292,37
90293,33
90293,43
90301,43
90302,37
90302,43
90303,43
90304,43
90305,43
90401,33
90402,33
90403,33
90404,33
90405,33
90405,37
90501,43
90502,43
90503,33
90503,43
90504,33
90504,43
90505,33
90505,43
90506,43
90601,32
90601,38
90602,38
90603,38
90604,38
90605,38
90606,38
90620,39
90620,46
90620,47
90621,39
90621,46
90623,38
90623,47
90630,38
90630,47
90631,38
90631,39
90638,38
90638,39
90640,27
90640,38
90640,40
90650,38
90650,40
90660,32
90660,38
90670,38
90670,40
90680,47
90701,38
90703,38
90704,47
90706,38
90706,40
90710,33
90710,43
90712,38
90712,47
90713,38
90713,47
90715,38
90716,38
90717,33
90717,43
90720,47
90720,48
90723,40
90731,33
90731,44
90731,47
90732,33
90732,43
90732,44
90740,47
90740,48
90742,48
90743,48
90744,33
90744,44
90745,44
90746,44
90747,44
90755,47
90802,44
90802,47
90803,47
90804,47
90805,38
90805,44
90805,47
90806,47
90807,47
90808,47
90810,44
90810,47
90813,44
90813,47
90814,47
90815,47
90822,47
90831,47
91001,27
91006,27
91006,32
91007,27
91008,27
91008,32
91010,32
91011,27
91011,28
91016,27
91016,32
91020,28
91024,27
91030,27
91030,34
91040,28
91040,29
91042,25
91042,27
91042,28
91046,28
91101,27
91103,27
91103,28
91104,27
91105,27
91105,28
91105,34
91106,27
91107,27
91108,27
91201,28
91202,28
91203,28
91204,28
91205,28
91206,28
91207,28
91208,28
91210,28
91214,28
91301,33
91302,30
91302,33
91303,30
91304,25
91304,30
91306,30
91307,30
91311,25
91311,30
91316,30
91320,26
91321,25
91321,29
91324,30
91325,30
91326,25
91326,30
91330,30
91331,28
91331,29
91335,30
91340,29
91342,28
91342,29
91342,30
91343,29
91343,30
91344,25
91344,29
91344,30
91345,29
91350,25
91351,25
91352,28
91352,29
91354,25
91355,25
91356,30
91360,26
91361,26
91361,33
91362,25
91362,26
91364,30
91364,33
91367,30
91371,30
91377,26
91381,25
91384,25
91387,25
91387,28
91387,29
91390,25
91390,28
91401,29
91401,30
91402,29
91403,30
91405,29
91406,29
91406,30
91411,29
91411,30
91423,30
91436,30
91501,28
91502,28
91504,28
91504,29
91505,28
91505,29
91505,30
91506,28
91506,30
91601,29
91601,30
91602,29
91602,30
91604,30
91605,28
91605,29
91606,29
91607,29
91607,30
91608,28
91608,30
91701,27
91701,31
91702,27
91702,32
91706,32
91708,35
91709,35
91709,39
91710,35
91710,39
91711,27
91711,35
91722,32
91723,32
91724,32
91724,39
91730,31
91731,27
91731,32
91731,38
91732,27
91732,32
91733,27
91733,32
91733,38
91737,08
91737,31
91739,08
91739,31
91739,35
91740,27
91740,32
91741,27
91744,32
91745,32
91745,38
91745,39
91746,32
91746,39
91748,32
91748,39
91750,27
91750,32
91750,35
91752,41
91752,42
91754,27
91754,40
91755,27
91759,08
91759,27
91761,35
91762,35
91763,35
91764,35
91765,35
91765,39
91766,35
91767,27
91767,32
91767,35
91768,32
91768,35
91768,39
91770,27
91770,32
91770,38
91773,27
91773,32
91773,35
91775,27
91776,27
91780,27
91780,32
91784,08
91784,27
91786,27
91786,31
91789,32
91789,35
91789,39
91790,32
91791,32
91792,32
91801,27
91803,27
91901,50
91901,51
91902,51
91902,53
91905,50
91905,51
91906,51
91910,51
91910,53
91911,51
91911,53
91913,53
91914,50
91914,51
91914,53
91915,51
91915,53
91916,50
91917,51
91931,50
91931,51
91932,51
91932,52
91934,51
91935,50
91935,51
91941,50
91941,53
91942,53
91945,51
91945,53
91948,50
91950,51
91962,50
91962,51
91963,51
91977,53
91978,50
91978,53
91980,51
92003,49
92003,50
92004,50
92004,51
92007,49
92008,49
92009,49
92009,50
92010,49
92011,49
92014,49
92014,52
92019,50
92019,51
92019,53
92020,50
92020,53
92021,50
92021,53
92024,49
92024,50
92025,50
92025,52
92026,50
92027,50
92027,52
92028,49
92028,50
92029,49
92029,50
92029,52
92036,50
92037,49
92037,52
92040,50
92054,49
92055,49
92056,49
92057,49
92058,49
92059,50
92060,50
92061,50
92064,50
92064,52
92065,50
92065,52
92066,50
92067,49
92067,52
92069,50
92070,50
92071,50
92071,52
92071,53
92075,49
92075,52
92078,49
92078,50
92081,49
92082,50
92083,49
92084,49
92084,50
92086,50
92091,49
92101,51
92101,52
92101,53
92102,51
92102,53
92103,53
92104,51
92104,53
92105,51
92105,53
92106,52
92107,52
92108,52
92108,53
92109,52
92110,52
92110,53
92111,52
92111,53
92113,51
92113,52
92114,51
92114,53
92115,51
92115,53
92116,53
92117,52
92118,52
92119,52
92119,53
92120,52
92120,53
92121,49
92121,52
92122,52
92123,52
92123,53
92124,52
92124,53
92126,52
92127,49
92127,52
92128,52
92129,52
92130,49
92130,52
92131,52
92132,52
92134,53
92135,52
92139,51
92139,53
92140,52
92145,52
92147,52
92154,51
92154,53
92155,52
92173,51
92201,36
92203,36
92210,36
92211,36
92220,36
92222,51
92223,36
92223,41
92223,42
92225,36
92225,51
92227,51
92230,36
92231,51
92233,51
92234,36
92236,36
92239,36
92240,36
92241,36
92242,08
92243,51
92249,51
92250,51
92251,51
92252,08
92253,36
92254,36
92256,08
92257,51
92258,36
92259,51
92260,36
92262,36
92264,36
92266,51
92267,08
92268,08
92270,36
92273,51
92274,36
92274,51
92275,51
92276,36
92277,08
92277,36
92278,08
92280,08
92281,51
92282,36
92283,51
92284,08
92285,08
92301,08
92304,08
92305,08
92307,08
92308,08
92309,08
92310,08
92311,08
92313,31
92314,08
92315,08
92316,31
92316,35
92320,36
92320,41
92321,08
92322,08
92324,31
92324,35
92324,41
92325,08
92327,08
92328,08
92332,08
92333,08
92335,35
92336,08
92336,31
92336,35
92337,35
92338,08
92339,08
92341,08
92342,08
92344,08
92345,08
92346,08
92346,31
92347,08
92352,08
92354,31
92356,08
92358,08
92359,08
92359,31
92363,08
92364,08
92365,08
92368,08
92371,08
92372,08
92373,08
92373,31
92373,36
92373,41
92373,42
92374,08
92374,31
92376,31
92376,35
92377,31
92378,08
92382,08
92384,08
92385,08
92386,08
92389,08
92391,08
92392,08
92394,08
92395,08
92397,08
92397,27
92398,08
92399,08
92399,31
92399,36
92401,31
92404,08
92404,31
92405,31
92407,08
92407,31
92408,31
92410,08
92410,31
92411,31
92501,41
92503,41
92503,42
92504,41
92504,42
92505,41
92505,42
92506,41
92506,42
92507,41
92508,41
92508,42
92509,35
92509,41
92518,41
92530,42
92530,45
92532,42
92536,36
92536,42
92539,36
92543,36
92543,42
92544,36
92544,42
92545,36
92545,42
92548,42
92549,36
92551,41
92553,41
92555,41
92555,42
92557,41
92561,36
92562,42
92562,50
92563,42
92567,36
92567,42
92570,41
92570,42
92571,41
92571,42
92582,36
92582,42
92583,36
92584,42
92585,41
92585,42
92586,41
92586,42
92587,41
92587,42
92590,42
92590,50
92591,42
92591,50
92592,42
92592,50
92595,42
92596,42
92602,45
92603,45
92603,48
92604,45
92606,45
92606,46
92610,45
92612,45
92612,48
92614,45
92614,46
92614,48
92617,45
92617,48
92618,45
92620,45
92624,49
92625,48
92626,48
92627,48
92629,48
92629,49
92630,45
92637,45
92637,48
92646,48
92647,47
92647,48
92648,48
92649,48
92651,48
92651,49
92653,45
92653,48
92655,47
92655,48
92656,45
92656,48
92657,48
92660,45
92660,48
92661,48
92662,48
92663,48
92672,49
92673,49
92675,48
92675,49
92676,45
92677,45
92677,48
92677,49
92678,45
92679,45
92679,49
92683,47
92683,48
92688,45
92688,49
92691,45
92691,49
92692,45
92692,49
92694,49
92701,45
92701,46
92703,46
92703,48
92704,46
92704,48
92705,45
92705,46
92706,46
92707,46
92707,48
92708,48
92780,45
92780,46
92782,45
92801,39
92801,46
92802,46
92804,46
92804,47
92805,39
92805,46
92806,39
92806,46
92807,39
92807,45
92807,46
92808,39
92808,45
92821,39
92823,39
92831,39
92832,39
92833,39
92835,39
92840,46
92840,47
92841,47
92843,46
92843,47
92843,48
92844,47
92844,48
92845,47
92860,41
92860,42
92861,45
92865,45
92865,46
92866,46
92867,39
92867,45
92867,46
92868,46
92869,45
92870,39
92870,46
92879,41
92879,42
92880,35
92880,42
92881,42
92882,42
92883,42
92886,39
92887,39
92887,45
93001,24
93001,26
93003,24
93003,26
93004,26
93010,26
93012,26
93013,24
93015,24
93015,26
93021,26
93022,26
93023,24
93023,26
93030,26
93033,26
93035,26
93036,26
93040,24
93040,26
93041,26
93042,26
93043,26
93060,24
93060,26
93063,25
93063,26
93064,25
93064,30
93065,25
93065,26
93066,26
93067,24
93101,24
93103,24
93105,24
93108,24
93109,24
93110,24
93111,24
93117,24
93201,21
93202,21
93203,21
93203,23
93204,21
93205,23
93206,21
93207,23
93208,23
93210,20
93210,21
93212,21
93212,22
93215,21
93218,21
93219,21
93220,21
93220,23
93221,22
93221,23
93222,23
93223,22
93224,23
93225,23
93225,24
93226,23
93230,21
93234,21
93235,22
93238,23
93239,21
93240,23
93241,21
93242,21
93243,23
93243,25
93244,23
93245,21
93247,22
93247,23
93249,21
93249,23
93250,21
93251,21
93251,23
93252,23
93252,24
93254,24
93255,23
93256,21
93257,21
93257,22
93257,23
93258,23
93260,23
93261,21
93262,23
93263,21
93265,23
93266,21
93267,22
93267,23
93268,23
93270,21
93271,23
93272,21
93274,21
93274,22
93276,23
93277,22
93280,21
93283,23
93285,23
93286,22
93286,23
93287,23
93291,22
93292,22
93292,23
93301,23
93304,21
93304,23
93305,21
93305,23
93306,21
93306,23
93307,21
93307,23
93308,21
93308,23
93309,23
93311,21
93311,23
93312,23
93313,21
93313,23
93314,21
93314,23
93401,24
93402,24
93405,24
93410,24
93420,24
93422,24
93424,24
93426,20
93426,24
93427,24
93428,24
93429,24
93430,24
93432,24
93433,24
93434,24
93436,24
93437,24
93440,24
93441,24
93442,24
93444,24
93445,24
93446,24
93449,24
93450,20
93451,20
93451,24
93452,24
93453,24
93454,24
93455,24
93458,24
93460,24
93461,20
93461,21
93461,24
93463,24
93465,24
93501,23
93505,23
93510,25
93510,28
93512,08
93513,08
93514,08
93516,08
93516,23
93517,08
93518,23
93519,23
93522,08
93523,23
93524,23
93526,08
93527,08
93527,23
93528,23
93529,08
93530,08
93531,23
93532,25
93534,23
93534,25
93535,23
93535,25
93536,23
93536,25
93541,08
93543,25
93543,27
93544,25
93544,27
93545,08
93546,08
93549,08
93550,25
93550,27
93551,23
93551,25
93552,25
93552,27
93553,25
93553,27
93554,23
93555,08
93555,23
93558,08
93560,23
93561,23
93562,08
93563,25
93563,27
93591,25
93592,08
93601,04
93602,04
93603,23
93604,04
93605,04
93606,16
93608,21
93609,21
93610,04
93610,16
93611,22
93612,22
93614,04
93615,22
93616,21
93616,22
93618,22
93619,04
93619,21
93619,22
93620,16
93620,21
93621,04
93621,22
93622,16
93622,21
93623,04
93624,21
93625,21
93626,04
93626,22
93627,21
93628,04
93630,16
93630,21
93631,21
93631,22
93633,04
93633,23
93634,04
93635,16
93636,04
93636,16
93637,16
93638,04
93638,16
93640,21
93641,04
93641,22
93643,04
93644,04
93645,04
93646,22
93647,22
93647,23
93648,21
93650,22
93651,04
93652,21
93653,04
93654,21
93654,22
93656,21
93657,04
93657,21
93657,22
93660,21
93662,21
93664,04
93665,16
93666,22
93667,04
93668,21
93669,04
93673,22
93675,04
93675,22
93701,16
93702,16
93703,16
93704,16
93704,22
93705,16
93705,22
93706,16
93706,21
93710,22
93711,16
93711,22
93720,22
93721,16
93722,16
93722,22
93723,16
93723,21
93725,16
93725,21
93725,22
93726,16
93726,22
93727,16
93727,22
93728,16
93730,22
93901,20
93905,20
93906,20
93907,20
93908,20
93920,20
93921,20
93923,20
93924,20
93925,20
93926,20
93927,20
93928,20
93930,20
93932,20
93933,20
93940,20
93943,20
93950,20
93953,20
93954,20
93955,20
93960,20
93962,20
94002,14
94005,14
94010,14
94014,14
94015,14
94019,14
94019,18
94020,18
94021,18
94022,18
94024,17
94024,18
94025,14
94025,18
94027,18
94028,18
94030,14
94037,14
94038,14
94040,18
94041,18
94043,17
94043,18
94044,14
94060,18
94061,14
94061,18
94062,14
94062,18
94063,14
94063,18
94065,14
94066,14
94070,14
94074,14
94074,18
94080,14
94085,17
94085,18
94086,17
94086,18
94087,17
94087,18
94089,17
94089,18
94102,12
94103,12
94104,12
94105,12
94107,12
94108,12
94109,12
94110,12
94111,12
94112,12
94112,14
94114,12
94115,12
94116,12
94116,14
94117,12
94118,12
94121,12
94122,12
94123,12
94124,12
94127,12
94127,14
94128,14
94129,12
94130,12
94131,12
94131,14
94132,14
94133,12
94134,12
94134,14
94158,12
94301,18
94303,14
94303,18
94304,18
94305,18
94306,18
94401,14
94402,14
94403,14
94404,14
94501,13
94502,13
94503,05
94505,09
94505,11
94505,15
94506,11
94506,15
94507,11
94508,05
94509,09
94509,11
94510,03
94510,05
94511,09
94512,03
94513,09
94513,11
94514,09
94514,11
94514,15
94515,02
94515,05
94516,11
94517,11
94518,11
94519,11
94520,11
94521,11
94523,11
94525,05
94526,11
94526,15
94528,11
94530,11
94531,09
94533,03
94534,03
94534,05
94535,03
94536,15
94536,17
94538,15
94538,17
94539,15
94539,17
94541,15
94542,15
94544,15
94545,15
94546,13
94546,15
94547,05
94547,11
94548,09
94549,11
94550,15
94550,19
94551,11
94551,15
94552,15
94553,05
94553,11
94555,15
94555,17
94556,11
94558,05
94559,05
94560,17
94561,09
94563,11
94564,05
94564,11
94565,11
94566,15
94567,05
94568,15
94569,05
94571,03
94572,05
94573,05
94574,05
94575,11
94576,05
94577,13
94577,15
94578,13
94578,15
94579,13
94580,13
94580,15
94582,11
94582,15
94583,11
94583,15
94585,03
94586,15
94587,15
94588,11
94588,15
94589,05
94590,05
94591,03
94591,05
94592,05
94595,11
94596,11
94597,11
94598,11
94599,05
94601,13
94602,13
94603,13
94605,13
94605,15
94606,13
94607,13
94608,13
94609,13
94610,13
94611,11
94611,13
94612,13
94613,13
94618,13
94619,13
94619,15
94621,13
94702,13
94703,13
94704,13
94705,13
94706,11
94706,13
94707,11
94707,13
94708,11
94708,13
94709,13
94710,13
94720,13
94801,11
94803,05
94803,11
94804,11
94805,11
94806,05
94806,11
94850,11
94901,02
94903,02
94904,02
94920,02
94922,02
94923,02
94924,02
94925,02
94928,05
94929,02
94930,02
94931,02
94931,05
94933,02
94937,02
94938,02
94939,02
94940,02
94941,02
94945,02
94946,02
94947,02
94949,02
94950,02
94951,02
94951,05
94952,02
94952,05
94954,02
94954,05
94956,02
94957,02
94960,02
94963,02
94964,02
94965,02
94970,02
94971,02
94972,02
94973,02
95002,17
95003,20
95004,20
95005,18
95006,18
95007,18
95008,18
95010,20
95012,20
95013,19
95014,17
95014,18
95017,18
95018,18
95019,20
95020,19
95020,20
95023,19
95023,20
95030,18
95032,18
95033,18
95033,19
95035,17
95035,19
95037,18
95037,19
95039,20
95041,18
95043,20
95045,20
95046,19
95050,17
95050,18
95050,19
95051,17
95053,17
95054,17
95060,18
95060,20
95062,20
95064,18
95064,20
95065,18
95065,20
95066,18
95066,20
95070,17
95070,18
95073,18
95073,20
95075,20
95076,19
95076,20
95110,17
95110,19
95111,19
95112,17
95112,19
95113,19
95116,19
95117,17
95117,18
95118,18
95118,19
95119,19
95120,18
95120,19
95121,19
95122,19
95123,18
95123,19
95124,18
95124,19
95125,18
95125,19
95126,17
95126,18
95126,19
95127,17
95127,19
95128,18
95128,19
95129,17
95129,18
95130,18
95131,17
95132,17
95132,19
95133,17
95133,19
95134,17
95135,19
95136,18
95136,19
95138,19
95139,19
95140,17
95140,19
95148,19
95202,09
95203,09
95204,09
95205,09
95206,09
95207,09
95209,09
95210,09
95211,09
95212,09
95215,09
95219,09
95220,09
95222,04
95223,04
95224,04
95225,04
95226,04
95227,09
95228,04
95230,04
95230,09
95230,10
95231,09
95232,04
95233,04
95234,09
95236,09
95237,09
95240,09
95242,09
95245,04
95246,04
95247,04
95248,04
95249,04
95250,04
95251,04
95252,04
95254,04
95255,04
95257,04
95258,09
95301,16
95303,16
95304,09
95304,10
95305,04
95306,04
95307,10
95310,04
95311,04
95312,16
95313,10
95314,04
95315,16
95316,10
95317,16
95318,04
95319,10
95320,09
95320,10
95321,04
95322,16
95323,10
95324,16
95325,04
95326,10
95327,04
95328,10
95329,04
95329,10
95330,09
95330,10
95333,16
95334,16
95335,04
95336,09
95336,10
95337,10
95338,04
95340,16
95341,16
95345,04
95346,04
95348,16
95350,10
95351,10
95354,10
95355,10
95356,10
95357,10
95358,10
95360,10
95360,16
95361,09
95361,10
95363,10
95364,04
95365,16
95366,09
95366,10
95367,10
95368,10
95369,04
95369,16
95370,04
95372,04
95374,16
95375,04
95376,10
95377,10
95377,15
95379,04
95380,10
95380,16
95382,10
95383,04
95385,10
95386,10
95387,10
95388,16
95389,04
95391,09
95391,15
95401,02
95401,05
95403,02
95403,05
95404,02
95404,05
95405,05
95407,02
95407,05
95409,05
95410,02
95412,02
95415,02
95417,02
95420,02
95421,02
95422,03
95423,03
95425,02
95426,05
95427,02
95428,02
95429,02
95430,02
95431,05
95432,02
95435,05
95436,02
95437,02
95439,05
95441,02
95442,05
95443,03
95444,02
95445,02
95446,02
95448,02
95449,02
95450,02
95451,03
95451,05
95452,05
95453,03
95453,05
95454,02
95456,02
95457,03
95457,05
95458,03
95459,02
95460,02
95461,05
95462,02
95463,02
95464,03
95465,02
95466,02
95467,05
95468,02
95469,02
95469,03
95470,02
95471,02
95472,02
95472,05
95476,05
95482,02
95485,03
95486,02
95488,02
95490,02
95492,02
95492,05
95493,03
95494,02
95497,02
95501,02
95503,02
95511,02
95514,02
95519,02
95521,02
95524,02
95525,02
95526,02
95527,02
95528,02
95531,02
95536,02
95537,02
95540,02
95542,02
95543,02
95545,02
95546,02
95547,02
95548,02
95549,02
95550,02
95551,02
95552,02
95553,02
95554,02
95555,02
95556,02
95558,02
95559,02
95560,02
95562,02
95563,02
95564,02
95565,02
95567,02
95568,01
95569,02
95570,02
95571,02
95573,02
95585,02
95587,02
95589,02
95595,02
95601,04
95602,01
95603,01
95603,04
95604,04
95605,03
95605,06
95606,03
95607,03
95608,07
95610,07
95612,03
95614,04
95615,03
95616,03
95618,03
95618,06
95619,04
95620,03
95620,06
95621,06
95621,07
95623,04
95624,07
95625,03
95626,03
95626,04
95627,03
95628,07
95629,04
95630,07
95631,04
95632,03
95632,07
95632,09
95633,04
95634,04
95635,04
95636,04
95637,03
95638,07
95639,03
95640,04
95641,03
95641,09
95642,04
95645,03
95646,04
95648,01
95648,04
95650,04
95651,04
95652,06
95653,03
95655,07
95658,01
95658,04
95659,03
95660,06
95661,04
95662,07
95663,04
95664,04
95665,04
95666,04
95667,04
95668,03
95668,04
95669,04
95670,07
95672,04
95673,03
95673,06
95674,03
95675,04
95677,04
95678,04
95679,03
95680,03
95681,01
95681,04
95682,04
95683,07
95684,04
95685,04
95686,09
95687,03
95688,03
95689,04
95690,03
95691,03
95691,06
95692,03
95693,07
95694,03
95695,03
95697,03
95698,03
95699,04
95701,01
95703,01
95709,04
95713,01
95713,04
95714,01
95715,01
95717,01
95717,04
95720,04
95721,04
95722,01
95724,04
95726,04
95728,01
95728,04
95735,04
95736,01
95742,07
95746,04
95747,04
95757,03
95757,07
95757,09
95758,03
95758,06
95758,07
95762,04
95765,04
95776,03
95811,06
95814,06
95815,06
95816,06
95817,06
95818,06
95819,06
95820,06
95821,06
95821,07
95822,06
95823,03
95823,06
95823,07
95824,06
95825,06
95825,07
95826,06
95826,07
95827,07
95828,06
95828,07
95829,06
95829,07
95830,07
95831,03
95831,06
95832,03
95832,06
95833,06
95834,03
95834,06
95835,03
95835,06
95837,03
95837,06
95838,06
95841,06
95841,07
95842,06
95842,07
95843,03
95843,06
95864,06
95864,07
95901,01
95901,03
95903,03
95910,01
95912,03
95914,01
95914,03
95915,01
95916,01
95917,01
95918,03
95919,03
95920,01
95922,01
95922,03
95923,01
95925,03
95926,01
95928,01
95930,01
95930,03
95932,03
95934,01
95935,03
95936,01
95937,03
95938,01
95939,03
95941,01
95941,03
95942,01
95943,01
95944,01
95945,01
95946,01
95947,01
95948,01
95948,03
95949,01
95950,03
95951,01
95951,03
95953,03
95954,01
95955,03
95956,01
95957,03
95959,01
95960,01
95960,03
95961,03
95962,03
95963,01
95963,03
95965,01
95966,01
95966,03
95968,01
95969,01
95970,01
95970,03
95971,01
95973,01
95974,01
95975,01
95977,01
95977,03
95978,01
95979,03
95981,01
95981,03
95982,03
95983,01
95984,01
95986,01
95987,03
95988,01
95988,03
95991,03
95993,03
96001,01
96002,01
96003,01
96006,01
96007,01
96008,01
96009,01
96010,02
96011,01
96013,01
96014,01
96015,01
96016,01
96017,01
96019,01
96020,01
96021,01
96022,01
96023,01
96024,02
96025,01
96027,01
96028,01
96029,01
96031,01
96032,01
96033,01
96034,01
96035,01
96037,01
96038,01
96039,01
96040,01
96041,02
96044,01
96046,02
96047,01
96048,02
96049,01
96050,01
96051,01
96052,02
96054,01
96055,01
96056,01
96057,01
96058,01
96059,01
96061,01
96062,01
96063,01
96064,01
96065,01
96067,01
96068,01
96069,01
96071,01
96073,01
96074,01
96075,01
96076,01
96076,02
96080,01
96084,01
96085,01
96086,01
96087,01
96088,01
96090,01
96091,02
96092,01
96093,02
96094,01
96096,01
96097,01
96101,01
96103,01
96104,01
96105,01
96106,01
96107,08
96108,01
96109,01
96110,01
96111,01
96112,01
96113,01
96114,01
96115,01
96116,01
96117,01
96118,01
96119,01
96120,04
96121,01
96122,01
96123,01
96124,01
96125,01
96126,01
96128,01
96129,01
96130,01
96132,01
96133,08
96134,01
96135,01
96136,01
96137,01
96140,04
96141,04
96142,04
96143,04
96145,04
96146,04
96148,04
96150,04
96155,04
96161,01
96161,04
97635,01
